           1 - subshell number
           1 - subshell index
   K (1s1/2) - subshell label
  3.4565E+04 - subshell binding energy (eV)
           2 - number of electrons when neutral
 
     Transitions
      Secondary  Tertiary    Transition   Transition
      Subshell   Subshell    Energy(eV)   Probability
          3          0       2.94521E+04  2.55988E-01
          4          0       2.97813E+04  4.74077E-01
          6          0       3.35665E+04  4.45027E-02
          7          0       3.36294E+04  8.62775E-02
          8          0       3.38651E+04  4.38977E-04
          9          0       3.38785E+04  5.99496E-04
         11          0       3.43953E+04  9.33064E-03
         12          0       3.44080E+04  1.81979E-02
         13          0       3.44862E+04  8.18305E-05
         14          0       3.44882E+04  1.11539E-04
         18          0       3.45436E+04  9.56254E-04
         19          0       3.45450E+04  1.80819E-03
          2          2       2.37222E+04  8.66166E-03
          2          3       2.40352E+04  1.02644E-02
          2          4       2.43644E+04  1.23564E-02
          2          5       2.80171E+04  3.08562E-03
          2          6       2.81496E+04  1.95658E-03
          2          7       2.82125E+04  2.38363E-03
          2          8       2.84482E+04  1.53828E-04
          2          9       2.84616E+04  1.67791E-04
          2         10       2.89307E+04  6.64150E-04
          2         11       2.89784E+04  3.96230E-04
          2         12       2.89911E+04  4.79527E-04
          2         13       2.90693E+04  2.76823E-05
          2         14       2.90713E+04  2.98489E-05
          2         17       2.91155E+04  9.46053E-05
          2         18       2.91267E+04  4.09221E-05
          2         19       2.91281E+04  4.69406E-05
          3          3       2.43482E+04  1.25048E-03
          3          4       2.46774E+04  2.62988E-02
          3          5       2.83301E+04  1.51823E-03
          3          6       2.84626E+04  4.28008E-04
          3          7       2.85255E+04  4.24412E-03
          3          8       2.87612E+04  1.83434E-04
          3          9       2.87746E+04  6.15039E-04
          3         10       2.92437E+04  3.14624E-04
          3         11       2.92914E+04  8.49746E-05
          3         12       2.93041E+04  8.25682E-04
          3         13       2.93823E+04  3.24971E-05
          3         14       2.93843E+04  1.08087E-04
          3         17       2.94285E+04  4.45331E-05
          3         18       2.94398E+04  8.66599E-06
          3         19       2.94411E+04  8.06413E-05
          4          4       2.50066E+04  1.31388E-02
          4          5       2.86593E+04  1.78907E-03
          4          6       2.87918E+04  4.13904E-03
          4          7       2.88547E+04  4.35297E-03
          4          8       2.90904E+04  7.31324E-04
          4          9       2.91038E+04  6.73074E-04
          4         10       2.95729E+04  3.69038E-04
          4         11       2.96206E+04  8.09080E-04
          4         12       2.96333E+04  8.51687E-04
          4         13       2.97115E+04  1.29275E-04
          4         14       2.97135E+04  1.18682E-04
          4         17       2.97577E+04  5.22368E-05
          4         18       2.97689E+04  8.32919E-05
          4         19       2.97703E+04  8.32919E-05
          5          5       3.23120E+04  2.70593E-04
          5          6       3.24445E+04  2.92261E-04
          5          7       3.25074E+04  3.47861E-04
          5          8       3.27431E+04  2.11847E-05
          5          9       3.27565E+04  2.23884E-05
          5         10       3.32256E+04  1.16271E-04
          5         11       3.32733E+04  5.92216E-05
          5         12       3.32860E+04  7.00556E-05
          5         13       3.33642E+04  3.85184E-06
          5         14       3.33662E+04  4.09250E-06
          5         17       3.34104E+04  1.66113E-05
          5         18       3.34216E+04  6.01855E-06
          5         19       3.34230E+04  6.98139E-06
          6          6       3.25771E+04  3.51465E-05
          6          7       3.26400E+04  6.78846E-04
          6          8       3.28756E+04  2.28686E-05
          6          9       3.28890E+04  7.58282E-05
          6         10       3.33582E+04  6.06623E-05
          6         11       3.34058E+04  1.39611E-05
          6         12       3.34185E+04  1.32398E-04
          6         13       3.34967E+04  4.09224E-06
          6         14       3.34987E+04  1.34806E-05
          6         17       3.35429E+04  8.66606E-06
          6         18       3.35542E+04  1.44436E-06
          6         19       3.35556E+04  1.29992E-05
          7          7       3.27029E+04  3.61812E-04
          7          8       3.29385E+04  9.62873E-05
          7          9       3.29519E+04  8.64198E-05
          7         10       3.34211E+04  7.19762E-05
          7         11       3.34687E+04  1.33125E-04
          7         12       3.34815E+04  1.41782E-04
          7         13       3.35596E+04  1.70917E-05
          7         14       3.35617E+04  1.54066E-05
          7         17       3.36058E+04  1.01101E-05
          7         18       3.36171E+04  1.37213E-05
          7         19       3.36185E+04  1.37213E-05
          8          9       3.31876E+04  1.13060E-05
          8         10       3.36567E+04  4.42382E-06
          8         11       3.37044E+04  4.42382E-06
          8         12       3.37171E+04  1.84328E-05
          8         14       3.37973E+04  1.96617E-06
          8         17       3.38415E+04  7.37293E-07
          8         18       3.38527E+04  4.91529E-07
          8         19       3.38541E+04  1.72029E-06
          9          9       3.32010E+04  2.73182E-06
          9         10       3.36701E+04  4.71854E-06
          9         11       3.37178E+04  1.46525E-05
          9         12       3.37305E+04  1.66394E-05
          9         13       3.38086E+04  1.98682E-06
          9         14       3.38107E+04  9.93361E-07
          9         17       3.38549E+04  7.45035E-07
          9         18       3.38661E+04  1.49009E-06
          9         19       3.38675E+04  1.49009E-06
         10         10       3.41393E+04  1.26247E-05
         10         11       3.41869E+04  1.23819E-05
         10         12       3.41996E+04  1.45671E-05
         10         13       3.42778E+04  7.28344E-07
         10         14       3.42798E+04  7.28344E-07
         10         17       3.43240E+04  3.64173E-06
         10         18       3.43353E+04  1.21391E-06
         10         19       3.43367E+04  1.45671E-06
         11         11       3.42346E+04  1.42393E-06
         11         12       3.42473E+04  2.56306E-05
         11         13       3.43255E+04  7.11955E-07
         11         14       3.43275E+04  2.37328E-06
         11         17       3.43717E+04  1.66117E-06
         11         18       3.43830E+04  2.37328E-07
         11         19       3.43843E+04  2.61053E-06
         12         12       3.42600E+04  1.39612E-05
         12         13       3.43382E+04  3.12947E-06
         12         14       3.43402E+04  2.88873E-06
         12         17       3.43844E+04  2.16649E-06
         12         18       3.43957E+04  2.64799E-06
         12         19       3.43971E+04  2.64799E-06
         13         14       3.44184E+04  5.34297E-07
         13         19       3.44752E+04  5.34297E-07
         14         18       3.44759E+04  4.27857E-07
         14         19       3.44773E+04  4.27857E-07
         17         17       3.45088E+04  2.81545E-07
         17         18       3.45200E+04  2.81545E-07
         17         19       3.45214E+04  2.81545E-07
         18         19       3.45327E+04  3.41278E-07
         19         19       3.45341E+04  2.40729E-07
 
           2 - subshell number
           2 - subshell index
   L1(2s1/2) - subshell label
  5.4532E+03 - subshell binding energy (eV)
           2 - number of electrons when neutral
 
     Transitions
      Secondary  Tertiary    Transition   Transition
      Subshell   Subshell    Energy(eV)   Probability
          3          0       3.13000E+02  1.98398E-05
          4          0       6.42200E+02  3.73327E-04
          6          0       4.42743E+03  1.38829E-02
          7          0       4.49034E+03  2.18758E-02
          8          0       4.72599E+03  2.06838E-04
          9          0       4.73938E+03  3.08777E-04
         11          0       5.25621E+03  2.99258E-03
         12          0       5.26892E+03  4.83886E-03
         13          0       5.34706E+03  2.51578E-05
         14          0       5.34912E+03  3.82137E-05
         18          0       5.40455E+03  3.40147E-04
         19          0       5.40594E+03  5.28266E-04
          3         10       1.04630E+02  5.69431E-02
          3         11       1.52310E+02  4.06576E-02
          3         12       1.65020E+02  5.15253E-02
          3         13       2.43160E+02  1.31854E-02
          3         14       2.45220E+02  2.18037E-02
          3         17       2.89390E+02  7.77756E-03
          3         18       3.00650E+02  3.96775E-03
          3         19       3.02040E+02  4.77790E-03
          4         10       4.33830E+02  7.43055E-02
          4         11       4.81510E+02  3.23640E-02
          4         12       4.94220E+02  6.09524E-02
          4         13       5.72360E+02  6.22297E-02
          4         14       5.74420E+02  8.00767E-02
          4         17       6.18590E+02  1.02309E-02
          4         18       6.29850E+02  3.22316E-03
          4         19       6.31240E+02  5.81492E-03
          5          5       3.17290E+03  1.34704E-02
          5          6       3.30543E+03  2.67210E-02
          5          7       3.36834E+03  4.93433E-02
          5          8       3.60399E+03  3.87315E-02
          5          9       3.61738E+03  5.46919E-02
          5         10       4.08653E+03  4.95078E-03
          5         11       4.13421E+03  5.29200E-03
          5         12       4.14692E+03  9.69018E-03
          5         13       4.22506E+03  5.94375E-03
          5         14       4.22712E+03  8.34214E-03
          5         17       4.27129E+03  6.89327E-04
          5         18       4.28255E+03  5.44942E-04
          5         19       4.28394E+03  9.47105E-04
          6          6       3.43796E+03  1.55808E-04
          6          7       3.50087E+03  9.80531E-04
          6          8       3.73652E+03  1.09226E-03
          6          9       3.74991E+03  1.43276E-02
          6         10       4.21906E+03  3.95236E-03
          6         11       4.26674E+03  3.26282E-05
          6         12       4.27945E+03  1.81912E-04
          6         13       4.35759E+03  1.68037E-04
          6         14       4.35965E+03  1.47329E-03
          6         17       4.40382E+03  5.26152E-04
          6         18       4.41508E+03  3.26282E-06
          6         19       4.41647E+03  1.79464E-05
          7          7       3.56378E+03  1.15513E-03
          7          8       3.79943E+03  9.88891E-03
          7          9       3.81282E+03  6.71326E-03
          7         10       4.28197E+03  7.29570E-03
          7         11       4.32965E+03  1.82737E-04
          7         12       4.34236E+03  3.46720E-04
          7         13       4.42050E+03  8.84304E-04
          7         14       4.42256E+03  6.19996E-04
          7         17       4.46673E+03  9.71613E-04
          7         18       4.47799E+03  1.87633E-05
          7         19       4.47938E+03  3.26303E-05
          8          8       4.03508E+03  2.11287E-03
          8          9       4.04847E+03  7.75065E-02
          8         10       4.51762E+03  5.42578E-03
          8         11       4.56530E+03  2.81438E-04
          8         12       4.57801E+03  1.96689E-03
          8         13       4.65615E+03  6.43642E-04
          8         14       4.65821E+03  8.78828E-03
          8         17       4.70238E+03  7.17055E-04
          8         18       4.71364E+03  3.01835E-05
          8         19       4.71503E+03  1.92525E-04
          9          9       4.06186E+03  2.17703E-02
          9         10       4.53101E+03  7.70643E-03
          9         11       4.57869E+03  2.59329E-03
          9         12       4.59140E+03  1.40068E-03
          9         13       4.66954E+03  8.70981E-03
          9         14       4.67160E+03  5.15306E-03
          9         17       4.71577E+03  1.01963E-03
          9         18       4.72703E+03  2.63493E-04
          9         19       4.72842E+03  1.37862E-04
         10         10       5.00016E+03  4.32375E-04
         10         11       5.04784E+03  7.84776E-04
         10         12       5.06055E+03  1.43573E-03
         10         13       5.13869E+03  8.30437E-04
         10         14       5.14075E+03  1.17056E-03
         10         17       5.18492E+03  1.19103E-04
         10         18       5.19618E+03  8.07632E-05
         10         19       5.19757E+03  1.40313E-04
         11         11       5.09552E+03  1.63148E-06
         11         12       5.10823E+03  3.42610E-05
         11         13       5.18637E+03  3.67101E-05
         11         14       5.18843E+03  2.74906E-04
         11         17       5.23260E+03  1.04424E-04
         11         19       5.24525E+03  3.26296E-06
         12         12       5.12094E+03  2.74199E-05
         12         13       5.19908E+03  1.95369E-04
         12         14       5.20114E+03  1.43096E-04
         12         17       5.24531E+03  2.00512E-04
         12         18       5.25657E+03  3.42744E-06
         12         19       5.25796E+03  5.14125E-06
         13         13       5.27722E+03  4.95404E-05
         13         14       5.27928E+03  1.11855E-03
         13         17       5.32345E+03  1.16462E-04
         13         18       5.33471E+03  4.34560E-06
         13         19       5.33610E+03  1.99905E-05
         14         14       5.28134E+03  3.50437E-04
         14         17       5.32551E+03  1.69423E-04
         14         18       5.33677E+03  3.03172E-05
         14         19       5.33816E+03  1.51580E-05
         17         17       5.36968E+03  7.76019E-06
         17         18       5.38094E+03  1.00891E-05
         17         19       5.38233E+03  1.78484E-05
 
           3 - subshell number
           3 - subshell index
   L2(2p1/2) - subshell label
  5.1072E+03 - subshell binding energy (eV)
           2 - number of electrons when neutral
 
     Transitions
      Secondary  Tertiary    Transition   Transition
      Subshell   Subshell    Energy(eV)   Probability
          4          0       3.29200E+02  7.04308E-08
          5          0       3.98190E+03  4.02949E-03
          7          0       4.17734E+03  5.82469E-05
          8          0       4.41299E+03  7.49118E-02
         10          0       4.89553E+03  5.74889E-04
         12          0       4.95592E+03  7.20318E-06
         13          0       5.03406E+03  1.11830E-02
         17          0       5.08029E+03  6.89998E-05
         19          0       5.09294E+03  7.86878E-07
          4         10       1.20830E+02  1.18029E-02
          4         11       1.68510E+02  5.17412E-02
          4         12       1.81220E+02  1.78166E-02
          4         13       2.59360E+02  6.41393E-02
          4         14       2.61420E+02  2.38654E-02
          4         17       3.05590E+02  1.50864E-03
          4         18       3.16850E+02  5.09719E-03
          4         19       3.18240E+02  1.72846E-03
          5          5       2.85990E+03  1.06054E-03
          5          6       2.99243E+03  2.55320E-02
          5          7       3.05534E+03  2.44630E-03
          5          8       3.29099E+03  1.93866E-03
          5          9       3.30438E+03  3.44740E-03
          5         10       3.77353E+03  3.62792E-04
          5         11       3.82121E+03  3.49728E-03
          5         12       3.83392E+03  4.28047E-04
          5         13       3.91206E+03  2.14985E-04
          5         14       3.91412E+03  3.33025E-04
          5         17       3.95829E+03  4.99075E-05
          5         18       3.96955E+03  3.39753E-04
          5         19       3.97094E+03  4.12702E-05
          6          6       3.12496E+03  2.50355E-02
          6          7       3.18787E+03  7.82246E-02
          6          8       3.42352E+03  4.14630E-02
          6          9       3.43691E+03  7.09763E-02
          6         10       3.90606E+03  5.59516E-03
          6         11       3.95374E+03  8.52327E-03
          6         12       3.96645E+03  1.51001E-02
          6         13       4.04459E+03  6.34856E-03
          6         14       4.04665E+03  1.08434E-02
          6         17       4.09082E+03  7.98467E-04
          6         18       4.10208E+03  8.59909E-04
          6         19       4.10347E+03  1.47120E-03
          7          7       3.25078E+03  2.05088E-03
          7          8       3.48643E+03  4.88211E-02
          7          9       3.49982E+03  6.63360E-03
          7         10       3.96897E+03  4.60667E-04
          7         11       4.01665E+03  1.11101E-02
          7         12       4.02936E+03  6.70842E-04
          7         13       4.10750E+03  6.46296E-03
          7         14       4.10956E+03  8.20570E-04
          7         17       4.15373E+03  6.43017E-05
          7         18       4.16499E+03  1.08546E-03
          7         19       4.16638E+03  6.33423E-05
          8          8       3.72208E+03  4.44831E-02
          8          9       3.73547E+03  1.90970E-01
          8         10       4.20462E+03  4.34745E-04
          8         11       4.25230E+03  5.87078E-03
          8         12       4.26501E+03  8.90828E-03
          8         13       4.34315E+03  1.17156E-02
          8         14       4.34521E+03  2.68071E-02
          8         17       4.38938E+03  6.23823E-05
          8         18       4.40064E+03  5.76810E-04
          8         19       4.40203E+03  8.60891E-04
          9          9       3.74886E+03  9.10198E-03
          9         10       4.21801E+03  6.40165E-04
          9         11       4.26569E+03  8.99930E-03
          9         12       4.27840E+03  1.10941E-03
          9         13       4.35654E+03  2.14914E-02
          9         14       4.35860E+03  2.33408E-03
          9         17       4.40277E+03  8.92559E-05
          9         18       4.41403E+03  8.63778E-04
          9         19       4.41542E+03  1.05571E-04
         10         10       4.68716E+03  3.27322E-05
         10         11       4.73484E+03  8.20343E-04
         10         12       4.74755E+03  8.59216E-05
         10         13       4.82569E+03  5.01198E-05
         10         14       4.82775E+03  6.75094E-05
         10         17       4.87192E+03  9.20597E-06
         10         18       4.88318E+03  7.97825E-05
         10         19       4.88457E+03  8.18317E-06
         11         11       4.78252E+03  6.72093E-04
         11         12       4.79523E+03  2.07285E-03
         11         13       4.87337E+03  8.56570E-04
         11         14       4.87543E+03  1.33677E-03
         11         17       4.91960E+03  1.06605E-04
         11         18       4.93086E+03  1.34415E-04
         11         19       4.93225E+03  2.02088E-04
         12         12       4.80794E+03  5.68419E-05
         12         13       4.88608E+03  1.21422E-03
         12         14       4.88814E+03  1.44067E-04
         12         17       4.93231E+03  1.17613E-05
         12         18       4.94357E+03  2.14626E-04
         12         19       4.94496E+03  1.07805E-05
         13         13       4.96422E+03  8.05787E-04
         13         14       4.96628E+03  3.27573E-03
         13         17       5.01045E+03  7.08574E-06
         13         18       5.02171E+03  9.11071E-05
         13         19       5.02310E+03  1.21481E-04
         14         14       4.96834E+03  1.61273E-04
         14         17       5.01251E+03  9.24532E-06
         14         18       5.02377E+03  1.42790E-04
         14         19       5.02516E+03  1.43812E-05
         17         17       5.05668E+03  1.05031E-06
         17         18       5.06794E+03  1.15534E-05
         17         19       5.06933E+03  1.05031E-06
         18         18       5.07920E+03  9.11085E-06
         18         19       5.08059E+03  2.73341E-05
 
           4 - subshell number
           4 - subshell index
   L3(2p3/2) - subshell label
  4.7873E+03 - subshell binding energy (eV)
           4 - number of electrons when neutral
 
     Transitions
      Secondary  Tertiary    Transition   Transition
      Subshell   Subshell    Energy(eV)   Probability
          5          0       3.65270E+03  7.27630E-03
          6          0       3.78523E+03  4.01710E-05
          7          0       3.84814E+03  3.74000E-05
          8          0       4.08379E+03  7.43320E-03
          9          0       4.09718E+03  6.58790E-02
         10          0       4.56633E+03  6.41050E-04
         11          0       4.61401E+03  3.53540E-06
         12          0       4.62672E+03  3.39230E-06
         13          0       4.70486E+03  1.08100E-03
         14          0       4.70692E+03  9.63999E-03
         17          0       4.75109E+03  9.02559E-05
         18          0       4.76235E+03  3.99850E-07
         19          0       4.76374E+03  3.69190E-07
          5          5       2.53070E+03  1.38459E-03
          5          6       2.66323E+03  9.64060E-04
          5          7       2.72614E+03  2.96214E-02
          5          8       2.96179E+03  2.89018E-03
          5          9       2.97518E+03  3.27309E-03
          5         10       3.44433E+03  4.74737E-04
          5         11       3.49201E+03  1.58591E-04
          5         12       3.50472E+03  4.05462E-03
          5         13       3.58286E+03  2.44153E-04
          5         14       3.58492E+03  2.55628E-04
          5         17       3.62909E+03  6.46908E-05
          5         18       3.64035E+03  1.56507E-05
          5         19       3.64174E+03  3.74579E-04
          6          6       2.79576E+03  3.16145E-04
          6          7       2.85867E+03  4.91920E-02
          6          8       3.09432E+03  3.16246E-03
          6          9       3.10771E+03  2.84558E-02
          6         10       3.57686E+03  1.77374E-04
          6         11       3.62454E+03  1.04335E-04
          6         12       3.63725E+03  6.96986E-03
          6         13       3.71539E+03  4.52813E-04
          6         14       3.71745E+03  3.55373E-03
          6         17       3.76162E+03  2.50415E-05
          6         18       3.77288E+03  1.04335E-05
          6         19       3.77427E+03  6.47945E-04
          7          7       2.92158E+03  6.89830E-02
          7          8       3.15723E+03  6.91441E-02
          7          9       3.17062E+03  1.03651E-01
          7         10       3.63977E+03  6.42509E-03
          7         11       3.68745E+03  9.36020E-03
          7         12       3.70016E+03  2.30447E-02
          7         13       3.77830E+03  1.02162E-02
          7         14       3.78036E+03  1.51275E-02
          7         17       3.82453E+03  9.16140E-04
          7         18       3.83579E+03  9.58901E-04
          7         19       3.83718E+03  2.20269E-03
          8          8       3.39288E+03  9.89602E-03
          8          9       3.40627E+03  1.90317E-01
          8         10       3.87542E+03  5.87458E-04
          8         11       3.92310E+03  5.99960E-04
          8         12       3.93581E+03  9.16519E-03
          8         13       4.01395E+03  2.60751E-03
          8         14       4.01601E+03  2.16801E-02
          8         17       4.06018E+03  8.24281E-05
          8         18       4.07144E+03  6.15604E-05
          8         19       4.07283E+03  8.43075E-04
          9          9       3.41966E+03  1.28990E-01
          9         10       3.88881E+03  7.05325E-04
          9         11       3.93649E+03  5.05429E-03
          9         12       3.94920E+03  1.52978E-02
          9         13       4.02734E+03  2.53349E-02
          9         14       4.02940E+03  3.25886E-02
          9         17       4.07357E+03  1.01206E-04
          9         18       4.08483E+03  5.12294E-04
          9         19       4.08622E+03  1.43576E-03
         10         10       4.35796E+03  4.38428E-05
         10         11       4.40564E+03  3.26012E-05
         10         12       4.41835E+03  9.49944E-04
         10         13       4.49649E+03  5.73327E-05
         10         14       4.49855E+03  6.29540E-05
         10         17       4.54272E+03  1.23663E-05
         10         18       4.55398E+03  3.37258E-06
         10         19       4.55537E+03  8.76855E-05
         11         11       4.45332E+03  8.02789E-06
         11         12       4.46603E+03  1.27441E-03
         11         13       4.54417E+03  8.12818E-05
         11         14       4.54623E+03  6.24155E-04
         11         17       4.59040E+03  4.01375E-06
         11         18       4.60166E+03  2.00687E-06
         11         19       4.60305E+03  1.18408E-04
         12         12       4.47874E+03  1.75771E-03
         12         13       4.55688E+03  1.27636E-03
         12         14       4.55894E+03  2.07905E-03
         12         17       4.60311E+03  1.18886E-04
         12         18       4.61437E+03  1.27731E-04
         12         19       4.61576E+03  3.34063E-04
         13         13       4.63502E+03  1.76674E-04
         13         14       4.63708E+03  3.11867E-03
         13         17       4.68125E+03  7.68140E-06
         13         18       4.69251E+03  8.77907E-06
         13         19       4.69390E+03  1.31689E-04
         14         14       4.63914E+03  2.27414E-03
         14         17       4.68331E+03  9.17935E-06
         14         18       4.69457E+03  7.22866E-05
         14         19       4.69596E+03  2.27192E-04
         17         17       4.72748E+03  1.74576E-06
         17         19       4.74013E+03  1.92042E-05
         18         19       4.75139E+03  1.56510E-05
         19         19       4.75278E+03  2.14940E-05
 
           5 - subshell number
           5 - subshell index
   M1(3s1/2) - subshell label
  1.1487E+03 - subshell binding energy (eV)
           2 - number of electrons when neutral
 
     Transitions
      Secondary  Tertiary    Transition   Transition
      Subshell   Subshell    Energy(eV)   Probability
          6          0       1.32530E+02  1.26204E-05
          7          0       1.95440E+02  8.43362E-05
         11          0       9.61310E+02  2.27950E-04
         12          0       9.74020E+02  3.09248E-04
         18          0       1.10965E+03  2.84097E-05
         19          0       1.11104E+03  3.79478E-05
          6         13       6.26900E+01  8.98435E-02
          6         14       6.47500E+01  1.23229E-01
          6         17       1.08920E+02  9.08811E-03
          6         18       1.20180E+02  6.50251E-03
          6         19       1.21570E+02  1.08334E-02
          7         11       3.47500E+01  9.52022E-02
          7         12       4.74600E+01  1.46209E-01
          7         13       1.25600E+02  6.59116E-02
          7         14       1.27660E+02  9.62122E-02
          7         17       1.71830E+02  1.21415E-02
          7         18       1.83090E+02  9.05711E-03
          7         19       1.84480E+02  1.35936E-02
          8         10       2.22720E+02  3.60225E-02
          8         11       2.70400E+02  7.61524E-03
          8         12       2.83110E+02  5.98012E-03
          8         13       3.61250E+02  9.60553E-03
          8         14       3.63310E+02  1.17826E-02
          8         17       4.07480E+02  3.59419E-03
          8         18       4.18740E+02  6.33647E-04
          8         19       4.20130E+02  4.63705E-04
          9         10       2.36110E+02  5.26696E-02
          9         11       2.83790E+02  1.89730E-03
          9         12       2.96500E+02  1.49167E-02
          9         13       3.74640E+02  1.24389E-02
          9         14       3.76700E+02  1.95409E-02
          9         17       4.20870E+02  5.22473E-03
          9         18       4.32130E+02  1.46893E-04
          9         19       4.33520E+02  1.16445E-03
         10         10       7.05260E+02  8.51591E-03
         10         11       7.52940E+02  1.37313E-02
         10         12       7.65650E+02  2.52760E-02
         10         13       8.43790E+02  2.47403E-02
         10         14       8.45850E+02  3.60446E-02
         10         17       8.90020E+02  2.02363E-03
         10         18       9.01280E+02  1.39959E-03
         10         19       9.02670E+02  2.44753E-03
         11         11       8.00620E+02  7.60174E-04
         11         12       8.13330E+02  1.85598E-03
         11         13       8.91470E+02  1.09414E-03
         11         14       8.93530E+02  4.03762E-04
         11         17       9.37700E+02  1.29853E-03
         11         18       9.48960E+02  1.28774E-04
         11         19       9.50350E+02  1.45389E-04
         12         12       8.26040E+02  2.40546E-03
         12         13       9.04180E+02  1.03949E-03
         12         14       9.06240E+02  2.90518E-03
         12         17       9.50410E+02  2.31723E-03
         12         18       9.61670E+02  1.54806E-04
         12         19       9.63060E+02  3.97824E-04
         13         13       9.82320E+02  3.13120E-04
         13         14       9.84380E+02  1.11218E-03
         13         17       1.02855E+03  2.31403E-03
         13         18       1.03981E+03  8.55546E-05
         13         19       1.04120E+03  8.22293E-05
         14         14       9.86440E+02  7.44067E-04
         14         17       1.03061E+03  3.39165E-03
         14         18       1.04187E+03  3.00970E-05
         14         19       1.04326E+03  2.35758E-04
         17         17       1.07478E+03  8.60760E-05
         17         18       1.08604E+03  1.02014E-04
         17         19       1.08743E+03  1.78524E-04
         18         18       1.09730E+03  2.23235E-06
         18         19       1.09869E+03  5.58118E-06
         19         19       1.10008E+03  1.05390E-05
 
           6 - subshell number
           6 - subshell index
   M2(3p1/2) - subshell label
  1.0021E+03 - subshell binding energy (eV)
           2 - number of electrons when neutral
 
     Transitions
      Secondary  Tertiary    Transition   Transition
      Subshell   Subshell    Energy(eV)   Probability
          8          0       2.98560E+02  4.23922E-04
         10          0       7.81100E+02  2.93474E-04
         13          0       9.19630E+02  1.10941E-03
         17          0       9.65860E+02  4.42907E-05
          7         14       0.00000E+00  4.54615E-02
          7         17       3.93000E+01  8.17419E-03
          7         18       5.05600E+01  6.75548E-03
          7         19       5.19500E+01  7.95812E-03
          8         10       9.01900E+01  1.26439E-01
          8         11       1.37870E+02  1.28225E-01
          8         12       1.50580E+02  1.87814E-01
          8         13       2.28720E+02  5.27275E-02
          8         14       2.30780E+02  5.66639E-02
          8         17       2.74950E+02  1.81619E-02
          8         18       2.86210E+02  1.15331E-02
          8         19       2.87600E+02  1.75443E-02
          9         10       1.03580E+02  2.16181E-02
          9         11       1.51260E+02  1.55228E-01
          9         12       1.63970E+02  1.62144E-02
          9         13       2.42110E+02  3.35803E-03
          9         14       2.44170E+02  6.97326E-03
          9         17       2.88340E+02  2.10220E-03
          9         18       2.99600E+02  1.17157E-02
          9         19       3.00990E+02  1.38477E-03
         10         10       5.72730E+02  7.11491E-04
         10         11       6.20410E+02  1.00712E-02
         10         12       6.33120E+02  1.64492E-03
         10         13       7.11260E+02  3.60604E-04
         10         14       7.13320E+02  1.05443E-03
         10         17       7.57490E+02  1.61142E-04
         10         18       7.68750E+02  7.26084E-04
         10         19       7.70140E+02  1.44113E-04
         11         11       6.68090E+02  7.18716E-03
         11         12       6.80800E+02  2.24402E-02
         11         13       7.58940E+02  1.91939E-02
         11         14       7.61000E+02  3.19327E-02
         11         17       8.05170E+02  1.43652E-03
         11         18       8.16430E+02  1.26701E-03
         11         19       8.17820E+02  2.16657E-03
         12         12       6.93510E+02  6.35024E-04
         12         13       7.71650E+02  1.98394E-03
         12         14       7.73710E+02  1.44210E-03
         12         17       8.17880E+02  1.71361E-04
         12         18       8.29140E+02  1.73954E-03
         12         19       8.30530E+02  1.04112E-04
         13         13       8.49790E+02  6.39249E-04
         13         14       8.51850E+02  1.60199E-03
         13         17       8.96020E+02  4.45985E-05
         13         18       9.07280E+02  1.33914E-03
         13         19       9.08670E+02  1.48662E-04
         14         14       8.53910E+02  2.04162E-04
         14         17       8.98080E+02  5.78418E-05
         14         18       9.09340E+02  1.18744E-03
         14         19       9.10730E+02  5.31492E-05
         17         17       9.42250E+02  7.24053E-06
         17         18       9.53510E+02  8.10945E-05
         17         19       9.54900E+02  1.11021E-05
         18         18       9.64770E+02  3.12454E-05
         18         19       9.66160E+02  9.30160E-05
         19         19       9.67550E+02  2.44933E-06
 
           7 - subshell number
           7 - subshell index
   M3(3p3/2) - subshell label
  9.4060E+02 - subshell binding energy (eV)
           4 - number of electrons when neutral
 
     Transitions
      Secondary  Tertiary    Transition   Transition
      Subshell   Subshell    Energy(eV)   Probability
          8          0       2.35650E+02  2.21851E-05
          9          0       2.49040E+02  2.41335E-04
         10          0       7.18190E+02  3.66684E-04
         13          0       8.56720E+02  1.36958E-04
         14          0       8.58780E+02  1.12974E-03
         17          0       9.02950E+02  5.48100E-05
          8         10       2.72800E+01  2.71286E-02
          8         11       7.49600E+01  1.79867E-02
          8         12       8.76700E+01  1.04918E-01
          8         13       1.65810E+02  1.29951E-02
          8         14       1.67870E+02  9.54389E-03
          8         17       2.12040E+02  2.91347E-03
          8         18       2.23300E+02  1.72128E-03
          8         19       2.24690E+02  8.10935E-03
          9         10       4.06700E+01  1.15746E-01
          9         11       8.83500E+01  1.19367E-01
          9         12       1.01060E+02  2.34124E-01
          9         13       1.79200E+02  5.07807E-02
          9         14       1.81260E+02  8.44980E-02
          9         17       2.25430E+02  1.65062E-02
          9         18       2.36690E+02  1.15884E-02
          9         19       2.38080E+02  2.01376E-02
         10         10       5.09820E+02  8.03028E-04
         10         11       5.57500E+02  1.17422E-03
         10         12       5.70210E+02  1.70023E-02
         10         13       6.48350E+02  9.86782E-04
         10         14       6.50410E+02  1.07868E-03
         10         17       6.94580E+02  1.81922E-04
         10         18       7.05840E+02  1.01989E-04
         10         19       7.07230E+02  1.18526E-03
         11         11       6.05180E+02  1.90674E-04
         11         12       6.17890E+02  1.91487E-02
         11         13       6.96030E+02  5.25034E-04
         11         14       6.98090E+02  3.02399E-03
         11         17       7.42260E+02  1.19748E-04
         11         18       7.53520E+02  3.13178E-05
         11         19       7.54910E+02  1.34947E-03
         12         12       6.30600E+02  2.48295E-02
         12         13       7.08740E+02  3.10231E-02
         12         14       7.10800E+02  4.22075E-02
         12         17       7.54970E+02  2.09267E-03
         12         18       7.66230E+02  1.71438E-03
         12         19       7.67620E+02  4.14942E-03
         13         13       7.86880E+02  1.73248E-04
         13         14       7.88940E+02  2.00734E-03
         13         17       8.33110E+02  6.17858E-05
         13         18       8.44370E+02  2.42287E-05
         13         19       8.45760E+02  1.61491E-03
         14         14       7.91000E+02  9.72047E-04
         14         17       8.35170E+02  5.77792E-05
         14         18       8.46430E+02  1.14100E-04
         14         19       8.47820E+02  1.74981E-03
         17         17       8.79340E+02  6.23866E-06
         17         18       8.90600E+02  6.23866E-06
         17         19       8.91990E+02  9.25395E-05
         18         18       9.01860E+02  5.19899E-07
         18         19       9.03250E+02  7.69443E-05
         19         19       9.04640E+02  1.06347E-04
 
           8 - subshell number
           8 - subshell index
   M4(3d3/2) - subshell label
  6.8900E+02 - subshell binding energy (eV)
           4 - number of electrons when neutral
 
     Transitions
      Secondary  Tertiary    Transition   Transition
      Subshell   Subshell    Energy(eV)   Probability
         11          0       5.30220E+02  1.78220E-03
         12          0       5.42930E+02  2.81619E-04
         18          0       6.78560E+02  1.93170E-04
         19          0       6.79950E+02  2.92809E-05
          9         18       1.04000E+00  4.09385E-03
          9         19       2.43000E+00  1.28221E-02
         10         10       2.74170E+02  3.20525E-05
         10         11       3.21850E+02  5.84296E-03
         10         12       3.34560E+02  4.72560E-03
         10         13       4.12700E+02  1.12367E-01
         10         14       4.14760E+02  1.60132E-02
         10         17       4.58930E+02  2.74744E-05
         10         18       4.70190E+02  4.71648E-04
         10         19       4.71580E+02  2.79329E-04
         11         11       3.69530E+02  1.85929E-03
         11         12       3.82240E+02  1.73555E-02
         11         13       4.60380E+02  8.96346E-02
         11         14       4.62440E+02  7.88559E-03
         11         17       5.06610E+02  4.12136E-04
         11         18       5.17870E+02  3.34284E-04
         11         19       5.19260E+02  1.26839E-03
         12         12       3.94950E+02  6.74057E-03
         12         13       4.73090E+02  1.98079E-01
         12         14       4.75150E+02  7.60596E-03
         12         17       5.19320E+02  4.12125E-04
         12         18       5.30580E+02  1.30510E-03
         12         19       5.31970E+02  9.57042E-04
         13         13       5.51230E+02  1.49771E-01
         13         14       5.53290E+02  3.07974E-01
         13         17       5.97460E+02  1.42057E-02
         13         18       6.08720E+02  9.07857E-03
         13         19       6.10110E+02  1.86393E-02
         14         14       5.55350E+02  5.08743E-03
         14         17       5.99520E+02  1.12651E-03
         14         18       6.10780E+02  5.44925E-04
         14         19       6.12170E+02  5.90719E-04
         17         18       6.54950E+02  3.92614E-05
         17         19       6.56340E+02  2.18115E-05
         18         18       6.66210E+02  9.01829E-06
         18         19       6.67600E+02  6.61355E-05
         19         19       6.68990E+02  3.41659E-05
 
           9 - subshell number
           9 - subshell index
   M5(3d5/2) - subshell label
  6.7640E+02 - subshell binding energy (eV)
           6 - number of electrons when neutral
 
     Transitions
      Secondary  Tertiary    Transition   Transition
      Subshell   Subshell    Energy(eV)   Probability
         12          0       5.29540E+02  1.93632E-03
         19          0       6.66560E+02  2.01152E-04
         10         10       2.60780E+02  1.13937E-04
         10         11       3.08460E+02  2.52951E-03
         10         12       3.21170E+02  9.01947E-03
         10         13       3.99310E+02  1.19188E-02
         10         14       4.01370E+02  1.19627E-01
         10         17       4.45540E+02  3.64612E-05
         10         18       4.56800E+02  1.18499E-04
         10         19       4.58190E+02  6.38066E-04
         11         12       3.68850E+02  1.72470E-02
         11         13       4.46990E+02  1.31261E-03
         11         14       4.49050E+02  1.11266E-01
         11         17       4.93220E+02  1.91427E-04
         11         19       5.05870E+02  1.24424E-03
         12         12       3.81560E+02  1.29165E-02
         12         13       4.59700E+02  1.02452E-02
         12         14       4.61760E+02  1.83561E-01
         12         17       5.05930E+02  7.24691E-04
         12         18       5.17190E+02  1.22158E-03
         12         19       5.18580E+02  1.92336E-03
         13         13       5.37840E+02  2.08757E-03
         13         14       5.39900E+02  2.15467E-01
         13         17       5.84070E+02  8.29510E-04
         13         18       5.95330E+02  1.27618E-04
         13         19       5.96720E+02  7.11026E-04
         14         14       5.41960E+02  2.49282E-01
         14         17       5.86130E+02  1.47626E-02
         14         18       5.97390E+02  1.09521E-02
         14         19       5.98780E+02  1.75069E-02
         17         18       6.41560E+02  1.18340E-05
         17         19       6.42950E+02  7.10049E-05
         18         19       6.54210E+02  9.12910E-05
         19         19       6.55600E+02  1.07371E-04
 
          10 - subshell number
          10 - subshell index
   N1(4s1/2) - subshell label
  2.1320E+02 - subshell binding energy (eV)
           2 - number of electrons when neutral
 
     Transitions
      Secondary  Tertiary    Transition   Transition
      Subshell   Subshell    Energy(eV)   Probability
         11          0       4.76800E+01  1.12457E-05
         12          0       6.03900E+01  4.28906E-05
         18          0       1.96020E+02  9.46397E-06
         19          0       1.97410E+02  9.08276E-06
         11         17       2.40700E+01  8.32736E-02
         11         18       3.53300E+01  5.06202E-02
         11         19       3.67200E+01  1.15048E-01
         12         17       3.67800E+01  1.24769E-01
         12         18       4.80400E+01  1.08354E-01
         12         19       4.94300E+01  1.48959E-01
         13         13       6.86900E+01  5.96540E-03
         13         14       7.07500E+01  8.80750E-02
         13         17       1.14920E+02  3.13400E-02
         13         18       1.26180E+02  4.16902E-03
         13         19       1.27570E+02  2.04515E-02
         14         14       7.28100E+01  3.23010E-02
         14         17       1.16980E+02  4.78604E-02
         14         18       1.28240E+02  1.85678E-02
         14         19       1.29630E+02  1.82116E-02
         17         17       1.61150E+02  1.40408E-02
         17         18       1.72410E+02  1.47300E-02
         17         19       1.73800E+02  2.57576E-02
         18         18       1.83670E+02  5.04777E-03
         18         19       1.85060E+02  2.36544E-02
         19         19       1.86450E+02  1.87311E-02
 
          11 - subshell number
          11 - subshell index
   N2(4p1/2) - subshell label
  1.5700E+02 - subshell binding energy (eV)
           2 - number of electrons when neutral
 
     Transitions
      Secondary  Tertiary    Transition   Transition
      Subshell   Subshell    Energy(eV)   Probability
         13          0       9.08500E+01  9.16709E-05
         17          0       1.37080E+02  1.24890E-05
         12         18       3.60000E-01  3.19292E-03
         12         19       1.75000E+00  4.70697E-03
         13         13       2.10100E+01  1.61182E-01
         13         14       2.30700E+01  7.42342E-01
         13         17       6.72400E+01  1.60252E-02
         13         18       7.85000E+01  1.02080E-02
         13         19       7.98900E+01  2.03822E-02
         14         14       2.51300E+01  2.54467E-02
         14         17       6.93000E+01  2.20325E-03
         14         18       8.05600E+01  1.01669E-02
         14         19       8.19500E+01  2.24012E-03
         17         17       1.13470E+02  2.20759E-05
         17         18       1.24730E+02  5.74488E-04
         17         19       1.26120E+02  7.19851E-05
         18         18       1.35990E+02  2.84313E-04
         18         19       1.37380E+02  8.18786E-04
         19         19       1.38770E+02  2.82610E-05
 
          12 - subshell number
          12 - subshell index
   N3(4p3/2) - subshell label
  1.4550E+02 - subshell binding energy (eV)
           4 - number of electrons when neutral
 
     Transitions
      Secondary  Tertiary    Transition   Transition
      Subshell   Subshell    Energy(eV)   Probability
         13          0       7.81400E+01  2.29319E-06
         14          0       8.02000E+01  2.38608E-05
         17          0       1.24370E+02  4.75907E-06
         13         13       8.30000E+00  5.80238E-02
         13         14       1.03600E+01  2.94546E-01
         13         17       5.45300E+01  2.49165E-03
         13         18       6.57900E+01  1.75630E-03
         13         19       6.71800E+01  7.61009E-03
         14         14       1.24200E+01  5.89073E-01
         14         17       5.65900E+01  1.36657E-02
         14         18       6.78500E+01  1.20733E-02
         14         19       6.92400E+01  1.94638E-02
         17         17       1.00760E+02  1.55220E-06
         17         18       1.12020E+02  3.34235E-05
         17         19       1.13410E+02  6.11640E-04
         18         18       1.23280E+02  3.16997E-06
         18         19       1.24670E+02  2.52438E-04
         19         19       1.26060E+02  3.63168E-04
 
          13 - subshell number
          13 - subshell index
   N4(4d3/2) - subshell label
  6.9500E+01 - subshell binding energy (eV)
           4 - number of electrons when neutral
 
     Transitions
      Secondary  Tertiary    Transition   Transition
      Subshell   Subshell    Energy(eV)   Probability
         18          0       5.74900E+01  4.44001E-07
         19          0       5.88800E+01  7.59381E-08
         17         17       2.26200E+01  3.25078E-01
         17         18       3.38800E+01  7.75770E-02
         17         19       3.52700E+01  4.66254E-02
         18         18       4.51400E+01  1.50101E-01
         18         19       4.65300E+01  3.16940E-01
         19         19       4.79200E+01  8.36781E-02
 
          14 - subshell number
          14 - subshell index
   N5(4d5/2) - subshell label
  6.7500E+01 - subshell binding energy (eV)
           6 - number of electrons when neutral
 
     Transitions
      Secondary  Tertiary    Transition   Transition
      Subshell   Subshell    Energy(eV)   Probability
         19          0       5.68200E+01  5.35970E-07
         17         17       2.05600E+01  3.68057E-01
         17         18       3.18200E+01  6.75438E-02
         17         19       3.32100E+01  1.00209E-01
         18         18       4.30800E+01  2.62920E-02
         18         19       4.44700E+01  1.90988E-01
         19         19       4.58600E+01  2.46910E-01
 
          15 - subshell number
          17 - subshell index
   O1(5s1/2) - subshell label
  2.3390E+01 - subshell binding energy (eV)
           2 - number of electrons when neutral
 
          16 - subshell number
          18 - subshell index
   O2(5p1/2) - subshell label
  1.3430E+01 - subshell binding energy (eV)
           2 - number of electrons when neutral
 
          17 - subshell number
          19 - subshell index
   O3(5p3/2) - subshell label
  1.2130E+01 - subshell binding energy (eV)
           4 - number of electrons when neutral
